N_bkg =  12062457 +/- 9524.0 L(0 - 1e+09) 
N_sig =  29936956 +/- 54857 L(0 - 1e+09) 
asymm_bkg =  0.048927 +/- 0.00020662 L(-1 - 1) 
asymm_sig = -0.0100510 +/- 0.00012069 L(-1 - 1) 
b =  0.53624 +/- 0.00034253 L(0 - 1) 
c =  0.037228 +/- 0.000067758 L(-0.1 - 0.1) 
delta_j =  0.57170 +/- 0.00037396 L(0 - 10) 
frac_g1 =  0.63829 +/- 0.00020393 L(0 - 1) 
frac_g2 =  0.25670 +/- 0.00029110 L(0 - 1) 
frac_j =  0.31438 +/- 0.00040594 L(0 - 1) 
gamma_j = -0.518168 +/- 0.00060746 L(-1 - 1) 
mean_g1 =  6.7630 +/- 0.00012467 L(5 - 8) 
mean_g1b =  6.7831 +/- 0.00012611 L(5 - 8) 
mean_g2 =  6.5771 +/- 0.0028458 L(5 - 8) 
mean_g2b =  6.5634 +/- 0.0026469 L(5 - 8) 
mean_g3 =  6.7086 +/- 0.000096065 L(5 - 8) 
mean_g3b =  6.6394 +/- 0.000091406 L(5 - 8) 
mean_j =  6.6438 +/- 0.0000017476 L(5 - 8) 
sigma_1 =  0.32434 +/- 0.000077024 L(0.2 - 0.4) 
sigma_2 =  0.82470 +/- 0.0011996 L(0.4 - 1) 
sigma_3 =  0.095712 +/- 0.000049535 L(0 - 0.2) 
sigma_j =  0.12859 +/- 0.0000097016 L(0 - 5) 
